239
250
276
285
208
236
227
261
258
250
270
258
245
222
244
206
226
226
261
263
270
224
213
243
176
219
235
268
225
239
240
249
221
217
215
282
243
198
293
209
270
266
243
238
246
220
249
257
259
266
212
225
233
266
223
278
237
234
279
288
257
270
268
261
232
264
250
253
254
250
216
240
279
228
222
207
237
248
248
246
242
243
229
226
250
239
224
252
227
251
273
214
300
232
262
215
250
210
276
214
261
281
229
274
216
221
199
260
240
245
280
261
214
211
215
227
231
222
237
236
263
247
231
216
283
234
254
284
233
239
232
239
262
225
246
203
204
188
229
229
223
280
244
225
294
225
253
207
264
266
236
204
231
226
194
275
220
260
226
290
213
285
218
238
271
204
225
271
216
238
246
320
204
236
263
284
229
222
226
223
265
231
214
227
214
223
220
292
225
218
235
228
262
250
267
204
252
230
221
258
250
258
257
245
278
287
223
254
221
221
228
225
226
245
253
266
232
312
230
279
202
313
273
238
216
192
214
221
254
255
266
219
203
223
262
235
222
204
260
250
257
241
271
223
222
228
191
266
245
306
234
264
203
237
274
254
289
246
235
228
230
207
195
222
226
277
226
238
277
241
252
239
219
234
245
234
260
214
257
258
267
255
223
244
277
232
260
248
279
229
239
266
255
243
279
227
209
228
226
214
264
233
262
221
214
247
274
225
279
270
221
248
283
222
217
220
230
225
231
225
246
234
217
277
257
248
249
240
223
202
260
253
274
226
195
280
253
239
258
233
227
257
227
256
202
273
292
244
248
203
252
243
211
242
236
257
308
235
210
240
321
211
269
284
226
232
223
234
258
246
225
252
236
257
270
229
240
229
255
259
259
227
243
231
252
